 Размер матрицы 10x10 

    1    2    3    4    5    6    7    8    9   10 

 1    0    1    1    0    0    0    0    0    1    0 

 2    1    0    1    0    0    0    1    1    1    0 

 3    1    1    0    0    1    1    1    0    1    1 

 4    0    0    0    0    0    0    1    0    1    1 

 5    0    0    1    0    0    1    0    1    1    1 

 6    0    0    1    0    1    0    0    1    1    0 

 7    0    1    1    1    0    0    0    0    0    1 

 8    0    1    0    0    1    1    0    0    0    0 

 9    1    1    1    1    1    1    0    0    0    0 

 10    0    0    1    1    1    0    1    0    0    0 


 Результат обхода в ширину: 3 1 2 5 6 7 9 10 8 4 